BJ0001 故宫 北京故宫是世界上现存规模最大,保存最为完整的木质结构古建筑群之一 60 40 AAAAA 0.500000 0.000000 10 20 30 40 50 60 70 80 9:30-12:30 14:00-17:30 8:00-12:30 14:00-18:30 8:00-12:30 14:00-18:30 9:30-12:30 14:00-17:30 北京市东城区 10000.000000 -7400.000000 50 60 50 60 50 60 50 60 50 60 40 60 50 60 40 60 50 60 50 60 83
BJ0002 八达岭长城 号称天下九塞之一,风光集巍峨险峻,秀丽苍翠于一体 60 40 AAAAA 0.500000 0.000000 10 20 30 40 50 60 70 80 9:30-12:30 14:00-17:30 8:00-12:30 14:00-18:30 8:00-12:30 14:00-18:30 9:30-12:30 14:00-17:30 北京市东城区 10000.000000 -5740.000000 50 50 50 50 50 50 40 39 40 50 60 60 50 50 60 60 30 60 60 40 92
BJ0003 天坛 天坛公园,原名"天地坛",始建于明永乐十八年,是中国现存最大的古代祭祀性建筑群 34 28 AAAAA 0.500000 0.000000 10 20 10 20 10 20 10 20 9:30-12:30 14:30-17:30 8:00-12:30 14:00-18:30 8:00-12:30 14:00-18:30 9:30-12:30 14:30-17:30 北京市东城区 20000.000000 -18980.000000 10 10 10 10 10 10 10 10 10 10 20 20 20 20 20 10 10 10 20 10 82
BJ0004 颐和园 原是清朝帝王的皇家园林,是我国现存规模非常大的一座皇家园林 30 20 AAAA 0.500000 0.000000 20 30 20 30 20 30 20 30 9:30-12:30 15:00-19:00 8:00-12:30 14:00-19:00 8:00-12:30 14:00-19:00 9:30-12:30 15:00-19:00 北京市海淀区 30000.000000 -29100.000000 20 20 10 20 20 20 20 20 20 20 30 30 30 20 30 30 10 30 30 10 82
BJ0005 中国国家博物馆 中国国家博物馆是国家最高历史文化艺术殿堂和文化客厅 20 10 AAAAA 0.500000 0.000000 40 50 40 50 40 50 40 50 9:30-12:30 14:00-17:00 8:00-12:30 14:00-18:00 8:00-12:30 14:00-18:00 9:30-12:30 14:00-17:00 北京市东城区 40000.000000 -39800.000000 40 40 40 40 40 40 40 40 40 40 50 50 50 50 50 40 50 50 50 40 82
BJ0006 恭王府 清朝规模最大的一座王府,历经了清王朝由鼎盛至衰亡 40 20 AAAA 0.500000 0.000000 30 40 30 40 30 40 30 40 9:30-12:30 14:00-18:00 8:00-12:30 14:00-18:30 8:00-12:30 14:00-18:30 9:30-12:30 14:00-18:00 北京市西城区 10000.000000 -9400.000000 30 30 30 30 30 30 30 30 20 30 40 40 40 40 40 40 40 40 40 40 83
BJ0007 慕田峪长城 苍松翠柏掩映下的雄伟长城,必会给你一份惊醒的感受! 45 40 AAAAA 0.500000 0.000000 20 30 20 30 20 30 20 30 9:30-12:30 14:00-17:00 8:00-12:30 14:00-18:30 8:00-12:30 14:00-18:30 9:30-12:30 14:00-17:00 北京市怀柔区 30000.000000 -27275.000000 20 20 20 20 20 20 20 20 20 10 10 30 20 30 30 20 30 30 30 30 92
BJ0008 圆明园 园内种植有腊梅,玉兰,桃花等鲜花,品种繁多 20 10 AAAAA 0.500000 0.000000 30 40 30 40 30 40 30 40 9:30-12:00 14:30-17:00 8:00-12:30 14:00-18:00 8:00-12:30 14:00-18:00 9:30-12:00 14:30-17:00 北京市海淀区 30000.000000 -29400.000000 0 30 30 30 30 30 30 30 30 30 20 40 40 40 30 10 30 40 30 40 83
QH0001 青海湖 青海湖是世界高原内陆湖泊湿地类型的典型代表,是水鸟重要繁殖地和迁徙通道的主要节点 100 50 AAAAA 0.500000 0.000000 20 30 40 50 60 70 80 90 8:00-12:00 14:00-17:00 8:00-12:00 14:00-17:00 9:30-12:30 14:30-18:00 9:30-12:30 14:30-18:00 青海省海北藏族自治州 50000.000000 -50000.000000 60 60 60 60 60 60 60 60 60 60 70 70 70 70 70 70 70 70 70 70 33
SZ0001 深圳湾公园 位于中国广东深圳的一个海滨城市公园 100 50 AAAAA 0.500000 0.000000 20 30 20 30 20 30 20 30 8:00-12:00 14:00-18:00 8:00-12:00 14:00-18:00 9:00-12:00 14:00-18:00 9:00-12:00 14:00-18:00 广东省深圳市南山区 10000.000000 -10000.000000 20 20 20 20 20 20 20 20 20 20 30 30 30 30 30 30 30 30 30 30 33
HK0001 中环 位于香港岛，是香港重要的商业中心及政治中心 20 10 AAAAA 0.500000 0.000000 20 30 40 50 60 70 80 90 8:00-12:00 14:00-18:00 8:00-12:00 14:00-18:00 9:00-12:00 14:00-18:00 9:00-12:00 14:00-18:00 香港岛中西区 10000.000000 -9200.000000 60 60 60 60 60 60 60 60 60 60 70 50 70 70 30 50 70 70 70 70 33
SZ0002 大梅沙 位于深圳盐田区的一个沙滩公园 30 15 AAAAA 0.500000 0.000000 20 30 40 50 60 70 80 90 8:00-12:00 14:00-19:00 8:00-12:00 14:00-19:00 9:00-12:00 14:30-18:30 9:00-12:00 14:30-18:30 广东省深圳市盐田区 10000.000000 -10000.000000 60 60 60 60 60 60 60 60 60 60 70 70 70 70 70 70 70 70 70 70 32
HK0002 香港大学 DreamPhdSchool 0 0 AAAAA 0.500000 0.000000 10 20 10 20 10 20 10 20 9:00-12:00 14:00-19:00 9:00-12:00 14:00-19:00 8:00-12:00 14:30-18:30 8:00-12:00 14:30-18:30 香港岛中西区龙虎山 10000.000000 -10000.000000 10 10 10 10 10 10 10 10 10 10 20 20 20 20 20 20 20 20 20 20 34
CA0001 多伦多大学 DreamMsSchool 100 50 AAAAAA 0.500000 0.000000 20 20 20 20 20 20 30 30 9:00-12:00 14:30-18:00 9:00-12:00 14:30-18:00 8:00-12:00 14:00-19:00 9:00-12:00 14:00-18:00 加拿大安大略省多伦多 0.000000 4500.000000 20 10 10 20 20 20 20 20 20 20 20 20 0 20 10 20 0 20 20 20 40
YN0001 洱海 洱海有三岛、四洲、九曲之胜；又是大理 20 10 AAAAA 0.500000 0.000000 20 20 30 30 40 40 50 50 8:00-12:00 14:00-18:00 8:00-12:00 14:00-18:00 9:00-12:00 14:30-18:30 9:00-12:00 14:30-18:30 云南省大理市 20000.000000 -19800.000000 40 40 40 40 40 40 40 40 40 40 40 40 40 40 20 40 40 40 40 40 12
WH0001 东湖公园 骑车,散步,约会的好去处 10 5 AAA 0.500000 0.000000 10 10 20 20 30 30 40 40 8:00-12:00 14:00-19:00 8:00-12:00 14:00-19:00 9:00-12:00 14:00-19:00 9:00-12:00 14:00-19:00 湖北省武汉市珞喻路旁 200.000000 0.000000 30 30 30 30 30 30 30 30 30 30 30 30 10 30 10 30 30 30 30 30 14
