User999 User999 13802586167 10 1 1 1 1 1 1 1 1 1 1 13802586167 0 2
mjuicem tom123 1006934868@qq.com 10 1 1 1 1 1 1 1 1 1 1 13802586167 1 1
mjuicem2 mjuicem2 1006934868@qq.com 10 1 1 1 1 1 1 1 1 1 1 13802586167 2 0
mjuicem3 tom123 1006934868@qq.com 10 1 1 1 1 1 1 1 1 1 1 13802586167 3 3
mjuicem5 mjuicem5 22@@.com 10 1 1 1 1 1 1 1 1 1 1 13802586167 4 5
mjuicem6 mjuicem6 1006934868@qq.com 10 1 1 1 1 1 1 1 1 1 1 13802586167 5 6
mjuicem7 mjuicem7 wdaa@qq.co 10 1 1 1 1 1 1 1 1 1 1 13802586167 6 -1
mjuicem8 mjuicem8 13@qq.com 20 2 2 2 2 2 2 2 2 2 2 13802586167 7 7
iwscuwniw 123456 123@123.123 1 1 0 0 0 0 0 0 0 0 0 12345678901 8 -1
111111 111111 1111@11.11 11 1 1 1 1 1 1 1 1 2 1 12222222222 9 8
mjuicem10 mjuicem10 1006934868@qq.com 10 1 1 1 1 1 1 1 1 1 1 13802586167 10 9
mjuicem17 tom123 100@qq.com 10 1 1 1 1 1 1 1 1 1 1 13802586167 11 10
mjuicem99 mjuicem99 1006934868@qq.com 10 1 1 1 1 1 1 1 1 1 1 13802586167 12 12
Afterhours tom123 1006934868@qq.com 30 3 3 3 3 3 3 3 3 3 3 13802586167 13 -1
PinkFloyd tom123 1006934868@qq.com 10 1 1 1 1 1 1 1 1 1 1 15889313390 14 13
pinkfloyd tom123 1006934868@qq.com 10 1 1 1 1 1 1 1 1 1 1 13802586167 15 -1
User9999 tom123 10069@qq.com 10 1 1 1 1 1 1 1 1 1 1 13802586167 16 -1
newmjuicem mjuicem123 1006934868@qq.com 10 1 1 1 1 1 1 1 1 1 1 13802586167 17 -1
Beatles tom123 1006934868@qq.com 20 2 2 2 2 2 2 2 2 2 2 13802586167 18 19
MJUICEM tom123 100@qq.com 10 1 1 1 1 1 1 1 1 1 1 13802586167 19 18
Nirvana tom123 1006934868@qq.com 10 1 1 1 1 1 1 1 1 1 1 13802586167 20 20
bupt666 tom123 10069@qq.com 10 1 1 1 1 1 1 1 1 1 1 18910213985 21 22
TOM123 TOM123 100@QQ.COM 10 1 1 1 1 1 1 1 1 1 1 13802586167 22 -1
